const float d_sync_words_real[d_num_sync_words][d_size_sync_words] = {
	{
		0.0,
		0.0,
		0.0,
		0.0, //   4
		0.0,
		0.0,
		0.0,
		0.0,
		1.4719601443879746,
		0.0,
		0.0,
		0.0,
		-1.4719601443879746,
		0.0,
		0.0,
		0.0, // 32
		1.4719601443879746,
		0.0,
		0.0,
		0.0,
		-1.4719601443879746,
		0.0,
		0.0,
		0.0,
		-1.4719601443879746,
		0.0,
		0.0,
		0.0,
		1.4719601443879746,
		0.0,
		0.0,
		0.0, // 64
		0.0,
		0.0,
		0.0,
		0.0,
		-1.4719601443879746,
		0.0,
		0.0,
		0.0,
		-1.4719601443879746,
		0.0,
		0.0,
		0.0,
		1.4719601443879746,
		0.0,
		0.0,
		0.0, // 96
		1.4719601443879746,
		0.0,
		0.0,
		0.0,
		1.4719601443879746,
		0.0,
		0.0,
		0.0,
		1.4719601443879746,
		0.0,
		0.0,
		0.0,
		0.0,
		0.0,
		0.0,
		0.0
	}, // 128
	{
		0.0,
		0.0,
		0.0,
		0.0,
		0.0,
		0.0,
		0.0,
		0.0,
		1.4719601443879746,
		0.0,
		0.0,
		0.0,
		-1.4719601443879746,
		0.0,
		0.0,
		0.0,
		1.4719601443879746,
		0.0,
		0.0,
		0.0,
		-1.4719601443879746,
		0.0,
		0.0,
		0.0,
		-1.4719601443879746,
		0.0,
		0.0,
		0.0,
		1.4719601443879746,
		0.0,
		0.0,
		0.0,
		0.0,
		0.0,
		0.0,
		0.0,
		-1.4719601443879746,
		0.0,
		0.0,
		0.0,
		-1.4719601443879746,
		0.0,
		0.0,
		0.0,
		1.4719601443879746,
		0.0,
		0.0,
		0.0,
		1.4719601443879746,
		0.0,
		0.0,
		0.0,
		1.4719601443879746,
		0.0,
		0.0,
		0.0,
		1.4719601443879746,
		0.0,
		0.0,
		0.0,
		0.0,
		0.0,
		0.0,
		0.0
	},
	{
		0,
		0,
		0,
		0,
		0,
		0,
		-1,
		0,
		-1,
		0,
		-1,
		0,
		-1,
		0,
		1,
		0,
		1,
		0,
		-1,
		0,
		1,
		0,
		1,
		0,
		1,
		0,
		-1,
		0,
		1,
		0,
		-1,
		0,
		0,
		0,
		1,
		0,
		1,
		0,
		1,
		0,
		-1,
		0,
		1,
		0,
		-1,
		0,
		1,
		0,
		1,
		0,
		1,
		0,
		-1,
		0,
		1,
		0,
		1,
		0,
		-1,
		0,
		0,
		0,
		0,
		0
	},
	{
		0,
		0,
		0,
		0,
		0,
		0,
		1,
		1,
		-1,
		-1,
		1,
		1,
		-1,
		1,
		-1,
		1,
		1,
		1,
		1,
		1,
		1,
		-1,
		-1,
		1,
		1,
		-1,
		1,
		-1,
		1,
		1,
		1,
		1,
		0,
		1,
		-1,
		-1,
		1,
		1,
		-1,
		1,
		-1,
		1,
		-1,
		-1,
		-1,
		-1,
		-1,
		1,
		1,
		-1,
		-1,
		1,
		-1,
		1,
		-1,
		1,
		1,
		1,
		1,
		0,
		0,
		0,
		0,
		0
	}
};
